              precision    recall  f1-score   support

           0       0.89      0.97      0.93       341
           1       0.33      0.40      0.36      1275
           2       0.30      0.28      0.29      1303
           3       0.36      0.35      0.36      1495
           4       0.38      0.35      0.37      1574
           5       1.00      0.33      0.50        12

    accuracy                           0.38      6000
   macro avg       0.55      0.45      0.47      6000
weighted avg       0.38      0.38      0.38      6000
