              precision    recall  f1-score   support

           0       1.00      1.00      1.00       341
           1       0.57      0.23      0.33      1275
           2       0.41      0.31      0.35      1303
           3       0.39      0.57      0.46      1495
           4       0.46      0.55      0.50      1574
           5       1.00      1.00      1.00        12

    accuracy                           0.46      6000
   macro avg       0.64      0.61      0.61      6000
weighted avg       0.48      0.46      0.45      6000
