              precision    recall  f1-score   support

           0       0.94      1.00      0.97       341
           1       0.38      0.33      0.35      1275
           2       0.32      0.35      0.33      1303
           3       0.37      0.47      0.41      1495
           4       0.43      0.33      0.37      1574
           5       1.00      0.83      0.91        12

    accuracy                           0.41      6000
   macro avg       0.57      0.55      0.56      6000
weighted avg       0.41      0.41      0.41      6000
