              precision    recall  f1-score   support

           0       1.00      1.00      1.00       341
           1       0.78      0.84      0.81      1275
           2       0.89      0.79      0.84      1303
           3       0.85      0.86      0.85      1495
           4       0.86      0.87      0.86      1574
           5       1.00      1.00      1.00        12

    accuracy                           0.85      6000
   macro avg       0.90      0.89      0.89      6000
weighted avg       0.85      0.85      0.85      6000
